156.887 141.341 135.763 122.123 129.212 170.48 139.049 151.23 154.743 127.56 122.924 147.264 115.727 114.567 126.614 107.911 118.407 151.665
185.026 122.403 145.069 144.388 133.141 156.751 114.983 166.395 169.732 116.597 65.8437 107.26 132.2 106.432 99.5381 143.896 152.877 145.988
132.02 138.861 101.175 102.736 88.4888 124.888 121.079 124.83 127.007 98.1838 118.306 118.3 73.9179 130.207 91.2275 75.1357 83.3305 136.255
79.5223 71.7403 54.965 61.5519 57.0351 72.7261 59.0054 72.3176 68.7073 54.9059 42.5637 55.3805 46.7472 64.9217 37.4472 55.0033 60.7926 73.9656
124.598 115.202 115.946 95.529 103.498 136.153 109.986 128.141 128.086 97.2396 100.303 121.873 94.1658 87.2754 107.419 96.9039 102.249 127.343
165.533 104.233 127.968 132.676 109.314 133.456 112.75 137.08 156.232 110.554 79.4826 97.3927 117.13 106.255 101.779 100.355 110.577 119.265
83.4742 49.6653 60.6144 68.9817 57.0189 72.0913 63.5471 60.8642 77.1001 65.3726 47.7638 52.3174 61.0154 56.697 55.6214 35.0526 43.7231 53.138
183.064 114.971 156.92 145.546 119.729 146.566 126.241 161.382 184.43 117.258 97.9757 116.081 135.625 110.922 131.162 121.683 128.284 137.885
170.944 120.106 121.899 137.007 91.126 114.854 115.399 139.351 159.935 101.059 90.0922 89.5993 100.363 136.44 90.4721 91.7451 100.372 127.706
226.514 133.992 187.63 180.937 151.442 182.336 151.005 193.446 221.887 147.513 107.07 135.202 169.592 131.201 152.51 148.361 159.042 162.194
